0.05 4.46269e-07 8.61094e-05 4.6326e-05
0.15 1.23907e-06 1.09996e-05 6.97452e-06
0.25 1.85195e-06 5.9182e-06 4.53147e-06
0.35 2.25776e-06 3.67843e-06 3.55854e-06
0.45 2.49068e-06 2.49286e-06 3.02986e-06
0.55 2.581e-06 1.764e-06 2.72577e-06
0.65 2.55963e-06 1.29219e-06 2.48793e-06
0.75 2.44803e-06 9.52619e-07 2.27547e-06
0.85 2.29296e-06 7.16907e-07 2.0916e-06
0.95 2.11021e-06 5.46295e-07 1.90531e-06
1.05 1.89927e-06 4.30645e-07 1.75524e-06
1.15 1.70086e-06 3.32031e-07 1.59077e-06
1.25 1.50374e-06 2.63699e-07 1.45473e-06
1.35 1.31208e-06 2.08113e-07 1.29943e-06
1.45 1.14099e-06 1.67926e-07 1.16958e-06
1.55 9.8685e-07 1.32448e-07 1.03936e-06
1.65 8.47266e-07 1.08095e-07 9.19754e-07
1.75 7.25664e-07 8.764e-08 8.31734e-07
1.85 6.16855e-07 7.0485e-08 7.10038e-07
1.95 5.27563e-07 5.7957e-08 6.33544e-07
2.05 4.46426e-07 4.71969e-08 5.47527e-07
2.15 3.7677e-07 3.93994e-08 4.84963e-07
2.25 3.20375e-07 3.20363e-08 4.2715e-07
2.35 2.70351e-07 2.68917e-08 3.69596e-07
2.45 2.28359e-07 2.2355e-08 3.22796e-07
2.55 1.92276e-07 1.87467e-08 2.79282e-07
2.65 1.62189e-07 1.56052e-08 2.37231e-07
2.75 1.37337e-07 1.30173e-08 2.04179e-07
2.85 1.16277e-07 1.10921e-08 1.81453e-07
2.95 9.81321e-08 9.50893e-09 1.58609e-07
3.05 8.26617e-08 8.03803e-09 1.37672e-07
3.15 7.03323e-08 6.92283e-09 1.17015e-07
3.25 5.94928e-08 5.74002e-09 1.0072e-07
3.35 4.99777e-08 4.93321e-09 8.63781e-08
3.45 4.27707e-08 4.26596e-09 7.59522e-08
3.55 3.62918e-08 3.59297e-09 6.51674e-08
3.65 3.08797e-08 3.17382e-09 5.72853e-08
3.75 2.61484e-08 2.83188e-09 4.94333e-08
3.85 2.24213e-08 2.35077e-09 4.31468e-08
3.95 1.9191e-08 2.03888e-09 3.67236e-08
4.05 1.63313e-08 1.69714e-09 3.25382e-08
4.15 1.38713e-08 1.5273e-09 2.76263e-08
4.25 1.19067e-08 1.35174e-09 2.44863e-08
4.35 1.0245e-08 1.11224e-09 2.03239e-08
4.45 8.81299e-09 1.02655e-09 1.90111e-08
4.55 7.64927e-09 8.81654e-10 1.64784e-08
4.65 6.54006e-09 7.76668e-10 1.4458e-08
4.75 5.70642e-09 6.81349e-10 1.26974e-08
4.85 4.93025e-09 6.00017e-10 1.19889e-08
4.95 4.27794e-09 5.42573e-10 9.81953e-09
5.05 3.68853e-09 4.50807e-10 8.58365e-09
5.15 3.2127e-09 4.08272e-10 7.275e-09
5.25 2.7633e-09 3.69919e-10 6.75536e-09
5.35 2.42391e-09 3.0666e-10 5.72018e-09
5.45 2.08878e-09 2.73918e-10 5.19003e-09
5.55 1.83488e-09 2.46991e-10 4.4471e-09
5.65 1.59605e-09 2.17048e-10 3.93052e-09
5.75 1.39201e-09 1.93227e-10 3.7603e-09
5.85 1.22764e-09 1.67517e-10 3.06568e-09
5.95 1.07411e-09 1.48869e-10 2.71626e-09
6.05 9.50786e-10 1.38977e-10 2.69874e-09
6.15 8.24905e-10 1.23613e-10 2.29541e-09
6.25 7.25009e-10 1.11301e-10 2.03809e-09
6.35 6.37019e-10 9.96691e-11 1.82192e-09
6.45 5.58157e-10 8.38408e-11 1.56213e-09
6.55 4.98096e-10 7.75616e-11 1.42881e-09
6.65 4.39101e-10 6.53502e-11 1.24612e-09
6.75 3.91725e-10 6.17687e-11 1.11593e-09
6.85 3.42601e-10 5.16863e-11 8.86675e-10
6.95 3.02723e-10 4.91091e-11 8.73403e-10
7.05 2.63938e-10 4.26074e-11 7.78499e-10
7.15 2.36336e-10 4.10972e-11 7.10491e-10
7.25 2.09986e-10 3.6105e-11 6.72586e-10
7.35 1.81985e-10 3.2395e-11 6.35481e-10
7.45 1.65306e-10 2.83122e-11 5.23149e-10
7.55 1.45444e-10 2.63251e-11 5.16804e-10
7.65 1.2911e-10 2.01112e-11 3.9273e-10
7.75 1.14289e-10 1.8657e-11 3.74565e-10
7.85 1.01496e-10 1.67441e-11 3.32892e-10
7.95 8.781e-11 1.58506e-11 2.70259e-10
8.05 7.91711e-11 1.34996e-11 2.45287e-10
8.15 7.17044e-11 1.32194e-11 2.6086e-10
8.25 6.24493e-11 1.12276e-11 1.96782e-10
8.35 5.782e-11 1.04333e-11 1.78765e-10
8.45 5.08952e-11 1.01462e-11 1.67052e-10
8.55 4.58755e-11 8.54363e-12 1.4932e-10
8.65 4.06608e-11 7.37334e-12 1.34568e-10
8.75 3.5702e-11 7.27693e-12 1.41525e-10
8.85 3.18471e-11 6.52818e-12 1.26133e-10
8.95 2.86179e-11 6.32424e-12 9.6448e-11
9.05 2.58968e-11 5.14176e-12 9.65089e-11
9.15 2.25915e-11 4.54614e-12 7.95648e-11
9.25 2.08229e-11 4.0547e-12 7.42687e-11
9.35 1.82328e-11 3.83356e-12 7.16927e-11
9.45 1.64994e-11 3.6333e-12 5.63946e-11
9.55 1.48692e-11 3.28985e-12 6.11561e-11
9.65 1.31524e-11 3.1623e-12 6.01658e-11
9.75 1.2396e-11 2.34196e-12 4.79636e-11
9.85 1.07671e-11 2.38219e-12 3.93045e-11
9.95 9.4118e-12 2.03637e-12 3.26276e-11
