0.1009886 0
0.10376215 0
0.10661866 0
0.10955308 0
0.11256276 0
0.11565145 0
0.1188244 0
0.12208572 0
0.12545002 0
0.1288917 0
0.13241564 0
0.13604327 0
0.13977736 0
0.14361475 0
0.1475368 0
0.15158066 0
0.1557283 0
0.15998966 0
0.16435207 0
0.16883996 0
0.17345605 0
0.17818538 0
0.18304339 0
0.18804632 0
0.19315957 0.00351516
0.19841328 0.0140956
0.20383336 0.0272721
0.20936031 0.0398549
0.21505825 0.0512577
0.22090581 0.0657101
0.22688974 0.0799626
0.23304711 0.0933034
0.23935709 0.108809
0.24585888 0.122562
0.25251658 0.138469
0.25934953 0.156374
0.26633891 0.170648
0.27353793 0.186003
0.28092455 0.202946
0.28852345 0.221243
0.29628267 0.241405
0.30426938 0.256459
0.31246847 0.272517
0.32087479 0.297255
0.32948187 0.31598
0.33833301 0.336196
0.34740608 0.357106
0.3567323 0.379509
0.36625847 0.403136
0.37608651 0.418376
0.38613484 0.444783
0.39643096 0.472852
0.4070209 0.5024
0.41789024 0.521938
0.4290259 0.554288
0.44045969 0.57523
0.45217991 0.607965
0.46420102 0.629704
0.47652828 0.651994
0.48916117 0.687421
0.50215118 0.711059
0.5154632 0.735483
0.52911206 0.760462
0.54311143 0.799425
0.55745579 0.825492
0.57215654 0.852137
0.58727737 0.87896
0.60274155 0.905992
0.61865277 0.93307
0.63491243 0.963468
0.65162765 0.993816
0.66874712 1.02478
0.68633063 1.05647
0.70431374 1.08809
0.72273987 1.11954
0.74171251 1.15056
0.76112019 1.18123
0.78100832 1.2122
0.80141099 1.24274
0.82231478 1.27324
0.8438034 1.30309
0.8657683 1.31847
0.88831235 1.34735
0.91144944 1.37563
0.93514071 1.40304
0.959426 1.42949
0.98434263 1.44298
1.00989381 1.46874
1.03605463 1.4942
1.06294415 1.5196
1.0904302 1.53365
1.11867862 1.55901
1.14757577 1.58405
1.17720644 1.59721
1.20754338 1.62031
1.23868737 1.64245
1.27065711 1.65405
1.30331501 1.67473
1.33694784 1.69409
1.37122074 1.70424
1.40644501 1.72186
1.44262997 1.73116
1.47957942 1.74763
1.51750358 1.75622
1.55636525 1.77103
1.59621701 1.78502
1.63714618 1.79226
1.67903261 1.80503
1.72188342 1.81171
1.76585429 1.82311
1.81088321 1.8291
1.85711566 1.83974
1.90438128 1.84632
1.95287559 1.85749
2.00271404 1.86768
2.05355372 1.87304
2.10586975 1.88198
2.15934785 1.88662
2.21414758 1.89093
2.27039675 1.89799
2.32804006 1.90154
2.38715404 1.90749
2.44752886 1.91061
2.50953199 1.91563
2.57314634 1.91821
2.63816002 1.92244
2.70490273 1.92461
2.77329214 1.92818
2.8435028 1.93005
2.91523246 1.93318
2.98892145 1.93479
3.06422649 1.9368
3.14164563 1.94022
3.22069911 1.94191
3.30189499 1.94461
3.38510025 1.94598
3.47044392 1.94805
3.55784977 1.94911
3.64729024 1.95098
3.73904041 1.9519
3.83315293 1.95274
3.92948027 1.95409
4.02834235 1.95479
4.12943098 1.95587
4.2331991 1.95641
4.33950249 1.95721
4.4485897 1.95792
4.5602101 1.95895
4.67456276 1.95954
4.79171592 1.96041
4.91202511 1.96081
5.03514142 1.96121
5.16127286 1.9618
5.29050774 1.96206
5.42325838 1.96253
5.55890684 1.9628
5.69803866 1.963
5.8406374 1.96342
5.98679231 1.96367
6.1367996 1.96407
6.29007965 1.96441
